T0_D0_2Fch5Myt: 0:00:23.613672, 0:00:00.425879
T0_D0_2Fch5Myt: 0:00:22.191023, 0:00:00.289720
T0_D1_6hLsBteR: 0:00:14.260204, 0:00:01.249463
T0_D1_BhVuRDoZ: 0:00:08.583008, 0:00:00.868358
T0_D1_gW3N7Rwh: 0:00:07.404421, 0:00:00.503816
T0_D1_kYHiKA98: 0:00:09.092222, 0:00:00.875740
T0_D2_D7YNXK3N: 0:00:08.723337, 0:00:00.969200
T0_D2_dMA67Lxh: 0:00:07.607019, 0:00:01.569979
T0_D2_LT3PNvAg: 0:00:08.717597, 0:00:02.787157
T0_D2_UZMKCvB6: 0:00:09.210922, 0:00:02.135119
T0_D2_bd6KL2rJ: 0:00:08.238123, 0:00:02.731126
T0_D2_nLwZvVZq: 0:00:08.323580, 0:00:03.159382
T0_D2_rLRHphho: 0:00:11.678840, 0:00:04.066894
T0_D2_UEC63FdE: 0:00:09.602650, 0:00:06.607070
T0_D2_dk7z88JM: 0:00:13.657242, 0:00:06.625703
T0_D2_H9XbpYWt: 0:00:11.379412, 0:00:06.291636
T0_D2_N4AeSnbL: 0:00:11.879384, 0:00:06.050810
T0_D2_XdLnp5Xj: 0:00:13.237094, 0:00:09.058955
T0_D2_6HsuGLJs: 0:00:09.847771, 0:00:07.944958
T0_D2_D23SEiUt: 0:00:09.646972, 0:00:11.053459
T0_D2_MtfXeta7: 0:00:09.781349, 0:00:09.783430
T0_D2_Z2mpQHBS: 0:00:17.896474, 0:00:11.838646
